0 0.505124 0.857186 0.196495 0.139163
0 0.710077 0.887826 0.044959 0.043744
0 0.625015 0.846570 0.069639 0.048721
0 0.885933 0.759081 0.052010 0.038767
0 0.908397 0.875907 0.153082 0.137442
0 0.498299 0.676558 0.230515 0.142186
0 0.672170 0.646500 0.069474 0.037372
0 0.242247 0.404174 0.102474 0.034070
0 0.198541 0.359849 0.091454 0.053093
0 0.442242 0.405035 0.090361 0.037279
0 0.452711 0.448128 0.090722 0.042256
0 0.172851 0.285488 0.121165 0.040279
0 0.288902 0.310802 0.049227 0.020721
0 0.285588 0.337279 0.058412 0.017256
0 0.350376 0.362012 0.102794 0.041419
0 0.281407 0.430767 0.067948 0.025535
0 0.213825 0.440988 0.033979 0.020023
0 0.304423 0.524535 0.147835 0.130512
0 0.520686 0.500384 0.068320 0.072581
