0 0.475312 0.718594 0.125750 0.068812
0 0.382602 0.420885 0.164734 0.051896
0 0.170117 0.326427 0.075578 0.013937
0 0.145930 0.637885 0.243984 0.117604
0 0.253617 0.343052 0.045266 0.012062
0 0.423336 0.366875 0.216328 0.019917
0 0.541000 0.382260 0.093219 0.016896
0 0.433742 0.349687 0.060641 0.013292
0 0.479453 0.335198 0.067875 0.015688
0 0.670617 0.578229 0.116578 0.031375
0 0.841469 0.655969 0.117313 0.057354
0 0.896062 0.458573 0.100062 0.029521
0 0.052633 0.393354 0.063734 0.016583
0 0.063000 0.409719 0.064125 0.015146
0 0.068281 0.434104 0.050531 0.012625
0 0.086945 0.455250 0.052422 0.015583
0 0.377625 0.328271 0.059750 0.013875
