0 0.604864 0.588845 0.073182 0.052286
0 0.339370 0.694226 0.058481 0.064804
0 0.719545 0.314550 0.152078 0.034642
0 0.298461 0.919861 0.190948 0.160277
0 0.588617 0.939099 0.124792 0.094965
0 0.837799 0.627910 0.293156 0.350970
0 0.626604 0.686859 0.101961 0.108915
0 0.535961 0.601097 0.046857 0.028845
0 0.729500 0.269122 0.097987 0.023649
0 0.592058 0.523037 0.058481 0.035219
0 0.535929 0.530797 0.038065 0.034065
0 0.665532 0.559180 0.042104 0.037067
0 0.439019 0.613106 0.090844 0.042702
0 0.713584 0.397298 0.237013 0.096721
