0 0.592956 0.784600 0.113088 0.059150
0 0.044638 0.945700 0.089275 0.070750
0 0.097056 0.808988 0.148812 0.144125
0 0.254800 0.772663 0.086575 0.035575
0 0.254094 0.860175 0.105763 0.053350
0 0.382712 0.816775 0.074100 0.028600
0 0.391156 0.730975 0.076688 0.040300
0 0.523581 0.683200 0.065312 0.033150
0 0.581256 0.842763 0.066287 0.031175
0 0.683619 0.911325 0.109838 0.069550
0 0.760150 0.794350 0.041925 0.020150
0 0.886881 0.758275 0.103013 0.067600
0 0.963731 0.833338 0.051337 0.035725
0 0.940275 0.916850 0.119450 0.059800
0 0.697850 0.990087 0.080300 0.019825
0 0.655644 0.688262 0.098462 0.042975
0 0.575738 0.635375 0.056875 0.022100
0 0.472819 0.621012 0.069537 0.021425
0 0.390187 0.622775 0.050375 0.018200
0 0.396200 0.598075 0.052000 0.018200
0 0.299200 0.664687 0.051025 0.022725
0 0.212594 0.702050 0.083187 0.029900
0 0.192937 0.636425 0.063375 0.018200
0 0.267019 0.624725 0.065813 0.022250
0 0.237713 0.596975 0.046700 0.018800
0 0.268037 0.573475 0.071925 0.020700
0 0.287338 0.554975 0.060075 0.015650
0 0.283162 0.534450 0.062050 0.016000
0 0.290919 0.510475 0.046537 0.013800
0 0.047919 0.638812 0.095838 0.054025
0 0.097838 0.556963 0.082675 0.064025
0 0.149406 0.516387 0.044012 0.010525
0 0.164169 0.489875 0.067513 0.028950
0 0.275306 0.471337 0.032912 0.009025
0 0.418494 0.556150 0.071812 0.024050
0 0.504969 0.514925 0.063862 0.016250
0 0.438169 0.514463 0.043562 0.019875
0 0.562537 0.600975 0.073925 0.028150
0 0.662600 0.593938 0.053075 0.017325
0 0.643644 0.548438 0.062288 0.021675
0 0.797181 0.634288 0.095312 0.039525
0 0.747219 0.554675 0.060387 0.048200
0 0.631319 0.490500 0.069062 0.016250
0 0.655012 0.506737 0.043325 0.017325
0 0.694825 0.497262 0.030875 0.013525
0 0.472206 0.467175 0.046138 0.014300
0 0.360581 0.486675 0.099113 0.036400
0 0.338488 0.467600 0.045175 0.012150
0 0.333363 0.454950 0.041375 0.012450
0 0.315963 0.435387 0.049450 0.022225
0 0.418137 0.442275 0.049125 0.010150
0 0.403644 0.420250 0.035437 0.011350
0 0.462206 0.421375 0.028888 0.005450
0 0.601019 0.457850 0.051988 0.011100
0 0.576319 0.444213 0.037037 0.009825
0 0.578594 0.424387 0.032488 0.009175
0 0.846419 0.581875 0.067463 0.049900
0 0.778556 0.519137 0.027638 0.016175
0 0.759850 0.496175 0.025575 0.009450
