0 0.143244 0.806775 0.286488 0.215450
0 0.781913 0.808133 0.159550 0.210033
0 0.856750 0.647375 0.191725 0.108217
0 0.854988 0.529358 0.215250 0.090183
0 0.428019 0.526617 0.322288 0.189767
0 0.635031 0.402333 0.148212 0.082333
0 0.670906 0.281175 0.136437 0.056450
0 0.377725 0.168650 0.157025 0.058800
0 0.580062 0.196875 0.174625 0.060383
0 0.716781 0.182767 0.083513 0.044700
0 0.758237 0.153758 0.112325 0.033717
0 0.582394 0.132575 0.121737 0.032150
0 0.659144 0.097683 0.109388 0.040767
0 0.556494 0.071017 0.126488 0.034500
0 0.870637 0.148117 0.057350 0.021567
0 0.790506 0.077217 0.058812 0.018300
0 0.256056 0.116092 0.081837 0.025483
0 0.100700 0.039967 0.068125 0.014367
0 0.316362 0.027558 0.063275 0.022217
0 0.301631 0.068067 0.071063 0.023533
0 0.379319 0.041567 0.067638 0.016400
0 0.442294 0.097800 0.120063 0.029400
0 0.655481 0.042917 0.052437 0.021567
0 0.626569 0.007567 0.050488 0.015133
