0 0.029125 0.943458 0.058250 0.051028
0 0.278777 0.739618 0.179867 0.073708
0 0.384879 0.831063 0.107914 0.060069
0 0.399230 0.893368 0.060320 0.046569
0 0.566563 0.832681 0.123906 0.073639
0 0.765867 0.842333 0.113375 0.080167
0 0.483715 0.737069 0.057055 0.037472
0 0.369762 0.641722 0.193602 0.078139
0 0.618566 0.688701 0.216102 0.088375
0 0.923617 0.717069 0.148078 0.085583
0 0.432691 0.430125 0.128633 0.056667
0 0.559797 0.445625 0.088078 0.038056
0 0.820547 0.206486 0.124703 0.074500
0 0.957582 0.134785 0.084836 0.045819
0 0.740316 0.125868 0.063664 0.049681
0 0.856520 0.101062 0.142586 0.058986
0 0.910371 0.055326 0.132555 0.037292
0 0.967395 0.009076 0.065211 0.018153
0 0.810738 0.017215 0.081539 0.034431
0 0.684066 0.049125 0.146508 0.055889
0 0.713496 0.012569 0.053633 0.025139
0 0.493301 0.013340 0.127758 0.026681
0 0.473438 0.286736 0.073281 0.033472
0 0.625418 0.282062 0.052758 0.028764
0 0.234730 0.420431 0.053633 0.048139
0 0.036590 0.131715 0.073180 0.036431
0 0.186848 0.127479 0.071914 0.032292
0 0.077559 0.094868 0.059258 0.039986
0 0.225613 0.090840 0.047102 0.036264
0 0.318684 0.549306 0.075977 0.102806
