0 0.552925 0.890383 0.108100 0.102100
0 0.247088 0.747733 0.062975 0.052933
0 0.173662 0.349583 0.038575 0.019567
0 0.508975 0.377033 0.044350 0.033200
0 0.470050 0.329667 0.041650 0.020533
0 0.541500 0.504367 0.075050 0.033667
0 0.045850 0.425800 0.029800 0.014400
0 0.020088 0.415033 0.040175 0.021733
0 0.292163 0.449783 0.054325 0.023167
0 0.180838 0.465683 0.060825 0.029033
0 0.032563 0.521800 0.048875 0.021067
0 0.275600 0.555117 0.089600 0.044233
0 0.107512 0.596383 0.081475 0.034100
0 0.370913 0.739433 0.069525 0.047800
0 0.320400 0.670650 0.052150 0.039100
0 0.956325 0.537967 0.087350 0.070600
0 0.332625 0.816517 0.060300 0.054367
0 0.361137 0.958483 0.092325 0.080367
0 0.127287 0.307233 0.036375 0.015933
0 0.702800 0.568950 0.093200 0.047900
0 0.738862 0.503767 0.090125 0.040200
0 0.261163 0.851850 0.054725 0.059433
