0 0.903297 0.029372 0.098274 0.016977
0 0.617673 0.342593 0.133159 0.067744
0 0.826471 0.549512 0.067550 0.027442
0 0.576834 0.497360 0.111695 0.037651
0 0.670354 0.455802 0.148074 0.042349
0 0.538390 0.407186 0.116903 0.043907
0 0.867943 0.382686 0.264114 0.326349
0 0.698097 0.286698 0.117458 0.073395
0 0.474399 0.326791 0.090524 0.031628
0 0.048166 0.214430 0.077072 0.016349
0 0.054230 0.191895 0.074468 0.017000
0 0.145578 0.159221 0.071864 0.022209
0 0.249276 0.200709 0.071433 0.018953
0 0.266163 0.182093 0.061048 0.014372
0 0.628706 0.041942 0.073251 0.019651
0 0.710840 0.083291 0.065809 0.018953
0 0.796602 0.041756 0.096163 0.023465
