0 0.728797 0.146382 0.084063 0.035199
0 0.173727 0.808852 0.297234 0.205433
0 0.426094 0.510258 0.345625 0.231710
0 0.629547 0.386639 0.168156 0.125410
0 0.808852 0.518021 0.187266 0.115855
0 0.649234 0.278852 0.129500 0.056393
0 0.388820 0.164391 0.130141 0.063021
0 0.570656 0.192600 0.151625 0.059719
0 0.281648 0.115585 0.071516 0.028782
0 0.318477 0.066382 0.057641 0.022412
0 0.335297 0.027588 0.052313 0.021593
0 0.393867 0.041991 0.060047 0.018407
0 0.444039 0.093782 0.087266 0.029204
0 0.548125 0.069988 0.115562 0.037588
0 0.570281 0.130995 0.116625 0.040398
0 0.642062 0.096979 0.090469 0.043607
0 0.830078 0.146382 0.060844 0.027190
0 0.756023 0.076967 0.053641 0.020445
0 0.746914 0.798747 0.159922 0.209016
