0 0.233938 0.525511 0.036097 0.026678
0 0.516724 0.326295 0.014203 0.005017
0 0.492406 0.325842 0.015096 0.005017
0 0.467571 0.330929 0.011986 0.007596
0 0.470847 0.318699 0.013687 0.009268
0 0.446062 0.338229 0.012294 0.005168
0 0.451809 0.324774 0.008668 0.005017
0 0.455785 0.317555 0.012186 0.005772
0 0.515639 0.320761 0.011124 0.003844
0 0.513222 0.313920 0.012325 0.006585
0 0.537629 0.339866 0.016536 0.006562
0 0.517829 0.335052 0.015812 0.008757
0 0.822148 0.499483 0.039400 0.027677
0 0.359904 0.386330 0.024719 0.011057
0 0.404900 0.383444 0.015142 0.008955
0 0.466778 0.343142 0.014619 0.011301
0 0.495323 0.342602 0.019838 0.006063
0 0.496193 0.351533 0.020192 0.006063
0 0.460335 0.358885 0.020192 0.015517
0 0.552417 0.355075 0.023326 0.007898
0 0.523518 0.365453 0.018799 0.007120
0 0.490450 0.366504 0.019500 0.008688
0 0.491405 0.377398 0.017929 0.008432
0 0.572868 0.363746 0.016882 0.008955
0 0.592625 0.368995 0.019492 0.008420
0 0.557286 0.381864 0.023672 0.013159
0 0.608118 0.383438 0.026459 0.012636
0 0.299419 0.408130 0.039854 0.025343
0 0.253299 0.417398 0.032833 0.024204
0 0.214819 0.457102 0.025065 0.017387
0 0.580012 0.424744 0.017129 0.010720
0 0.623772 0.408519 0.034888 0.014808
0 0.589515 0.401742 0.027775 0.015749
0 0.547125 0.403955 0.027383 0.015784
0 0.500747 0.397491 0.029453 0.026156
0 0.457090 0.377636 0.020262 0.009768
0 0.454273 0.390557 0.022140 0.012288
0 0.424923 0.401742 0.022348 0.012613
0 0.382102 0.422387 0.017336 0.009768
0 0.350982 0.427271 0.018591 0.013868
0 0.371343 0.442712 0.017960 0.011974
0 0.407794 0.439402 0.018176 0.013554
0 0.445393 0.424117 0.034881 0.020801
0 0.608206 0.439872 0.031332 0.017027
0 0.653433 0.446963 0.048253 0.024262
0 0.665131 0.472329 0.022348 0.015134
0 0.631186 0.469971 0.025065 0.019222
0 0.490089 0.435302 0.028614 0.020476
0 0.557560 0.443496 0.026944 0.014820
0 0.554846 0.473432 0.034465 0.020476
0 0.605035 0.505546 0.036597 0.030256
0 0.495974 0.470238 0.044034 0.025052
0 0.425593 0.480587 0.045473 0.031580
0 0.281759 0.428583 0.037898 0.025598
0 0.359723 0.468304 0.026343 0.019117
0 0.322363 0.460679 0.031763 0.023473
0 0.197483 0.514350 0.068576 0.041382
0 0.363695 0.542364 0.035735 0.028908
0 0.327417 0.523606 0.041871 0.030488
0 0.403218 0.560360 0.044034 0.034309
0 0.483707 0.536400 0.048368 0.043020
0 0.702256 0.523333 0.053780 0.035401
0 0.663995 0.579692 0.086266 0.055552
0 0.565997 0.550830 0.039707 0.035947
0 0.510269 0.601585 0.057028 0.064262
0 0.671721 0.710128 0.086798 0.074495
0 0.735647 0.665819 0.074326 0.067433
0 0.825046 0.671702 0.077436 0.066655
0 0.777487 0.745412 0.071724 0.080767
0 0.604673 0.636411 0.059769 0.054100
0 0.106755 0.602654 0.095112 0.072997
0 0.074527 0.715575 0.071209 0.055749
0 0.222136 0.614808 0.064965 0.050267
0 0.275931 0.620685 0.042625 0.046341
0 0.344538 0.654797 0.076928 0.065947
0 0.270993 0.868130 0.136690 0.192892
0 0.504881 0.803827 0.093041 0.144286
0 0.668341 0.910929 0.103949 0.178142
0 0.952675 0.904268 0.094650 0.191463
