0 0.374016 0.646897 0.160740 0.150663
0 0.353266 0.189162 0.061740 0.092210
0 0.331812 0.870571 0.076104 0.095138
0 0.940469 0.615451 0.119062 0.276427
0 0.799312 0.565994 0.068208 0.060976
0 0.966073 0.065635 0.061208 0.049392
0 0.726333 0.036151 0.197375 0.072302
0 0.552516 0.303278 0.030156 0.027514
0 0.476870 0.331575 0.045635 0.051031
0 0.813891 0.185847 0.372219 0.176446
0 0.549297 0.015488 0.067448 0.030976
0 0.392146 0.034466 0.035729 0.036004
0 0.335625 0.048628 0.064375 0.064328
0 0.242297 0.201105 0.146302 0.167772
0 0.089677 0.187210 0.081937 0.104070
0 0.018656 0.155092 0.037312 0.065948
0 0.251552 0.320709 0.031021 0.034457
0 0.294755 0.328674 0.034865 0.038195
0 0.119146 0.544374 0.238292 0.502486
0 0.864776 0.369355 0.270448 0.159963
0 0.708802 0.630009 0.087292 0.143039
0 0.667016 0.494972 0.109115 0.108214
0 0.542208 0.521796 0.149021 0.133610
0 0.342349 0.462937 0.141052 0.191105
