0 0.253044 0.258523 0.073087 0.015925
0 0.306550 0.958533 0.173675 0.082935
0 0.610875 0.864561 0.154050 0.109533
0 0.881594 0.714383 0.148762 0.066636
0 0.114750 0.799075 0.055875 0.095981
0 0.180063 0.640981 0.073250 0.050822
0 0.899350 0.827187 0.062925 0.041402
0 0.511713 0.578766 0.045300 0.045159
0 0.575456 0.453897 0.200737 0.087495
0 0.818125 0.310935 0.363750 0.107477
0 0.545719 0.328131 0.103188 0.028187
0 0.071631 0.332757 0.143262 0.025963
0 0.021525 0.387252 0.043050 0.036150
0 0.373331 0.717850 0.116413 0.104449
0 0.843056 0.406439 0.136862 0.040841
0 0.851100 0.467009 0.111075 0.049458
0 0.890094 0.586364 0.068888 0.044916
0 0.926062 0.530542 0.089825 0.045832
0 0.464544 0.318944 0.047287 0.018150
0 0.465806 0.286794 0.094838 0.018150
0 0.345350 0.254935 0.057400 0.012523
0 0.300081 0.281991 0.056388 0.015121
0 0.280138 0.339860 0.055350 0.021290
0 0.393575 0.326514 0.089950 0.018561
0 0.355156 0.356729 0.050263 0.015850
0 0.784325 0.510598 0.108150 0.052262
0 0.674169 0.437084 0.096863 0.032673
0 0.448931 0.404411 0.054988 0.016336
0 0.417125 0.434486 0.075000 0.039813
0 0.340863 0.491654 0.135825 0.047047
0 0.217362 0.503813 0.071325 0.041570
0 0.651563 0.538318 0.133200 0.055664
0 0.794987 0.624178 0.111700 0.084692
0 0.610400 0.677505 0.178825 0.094112
0 0.311969 0.597449 0.117987 0.079196
