0 0.368062 0.448983 0.075540 0.057967
0 0.516578 0.859700 0.107256 0.154200
0 0.478499 0.679617 0.163105 0.146767
0 0.348705 0.549500 0.104099 0.078933
0 0.477230 0.494000 0.079331 0.051800
0 0.582899 0.519283 0.067273 0.055500
0 0.719991 0.397183 0.073636 0.070300
0 0.587976 0.389167 0.062196 0.066600
0 0.185703 0.394833 0.192333 0.114333
0 0.345995 0.334450 0.053328 0.042900
0 0.351226 0.290750 0.064031 0.044633
0 0.133774 0.310450 0.096089 0.078900
0 0.215952 0.275800 0.061235 0.050533
0 0.269528 0.222700 0.056415 0.038533
0 0.506398 0.201667 0.094717 0.046333
0 0.425995 0.347717 0.030858 0.030033
0 0.746175 0.252633 0.062093 0.040333
0 0.840292 0.275767 0.037907 0.031800
0 0.909571 0.135350 0.180858 0.093367
0 0.593431 0.090467 0.048130 0.034333
0 0.411441 0.129733 0.111664 0.048600
0 0.568611 0.156933 0.024185 0.023800
0 0.726612 0.151450 0.060978 0.029967
0 0.829262 0.173417 0.117907 0.034367
0 0.328756 0.114700 0.030858 0.030867
