0 0.570278 0.445417 0.104166 0.059256
0 0.512465 0.388449 0.048959 0.030603
0 0.542614 0.328133 0.232704 0.091715
0 0.670333 0.188173 0.505440 0.128654
0 0.845078 0.908873 0.116642 0.182253
0 0.715278 0.596620 0.123959 0.079163
0 0.535416 0.551946 0.212846 0.116667
0 0.714236 0.461434 0.084375 0.063426
0 0.391493 0.537130 0.064582 0.040740
0 0.049345 0.574188 0.098690 0.120080
0 0.050245 0.668587 0.100490 0.121679
0 0.024147 0.783782 0.048293 0.078462
0 0.206090 0.876627 0.219599 0.206401
0 0.444290 0.910713 0.231599 0.178574
0 0.713089 0.885913 0.102000 0.228173
0 0.299990 0.452188 0.309000 0.119279
