0 0.777802 0.423582 0.073481 0.044484
0 0.951265 0.859286 0.097469 0.142615
0 0.481938 0.796440 0.746148 0.407121
0 0.899938 0.592923 0.094790 0.068703
0 0.774321 0.634846 0.093753 0.045692
0 0.602840 0.526088 0.057432 0.064396
0 0.560698 0.429484 0.047000 0.034527
0 0.410580 0.337495 0.093605 0.081714
0 0.669043 0.399945 0.044383 0.033868
0 0.906599 0.435462 0.186802 0.152725
0 0.545488 0.261341 0.066012 0.022110
0 0.600772 0.311604 0.040136 0.024220
0 0.725741 0.322934 0.040568 0.029209
0 0.460772 0.274989 0.024827 0.028176
0 0.538290 0.304440 0.066901 0.030110
