0 0.461426 0.575567 0.044503 0.038000
0 0.422195 0.544567 0.032083 0.025333
0 0.357280 0.531450 0.063977 0.039100
0 0.930666 0.904883 0.138668 0.190233
0 0.770947 0.715000 0.316642 0.198667
0 0.634118 0.963800 0.115066 0.072400
0 0.486201 0.888433 0.087523 0.105000
0 0.399128 0.979633 0.120394 0.040733
0 0.347373 0.910667 0.100075 0.116133
0 0.205713 0.899833 0.085647 0.101133
0 0.115807 0.838717 0.109737 0.142233
0 0.325328 0.739000 0.078499 0.073867
0 0.428837 0.751750 0.081614 0.080500
0 0.564540 0.773167 0.074109 0.068867
