0 0.438383 0.610800 0.158100 0.034000
0 0.262233 0.511975 0.137000 0.043050
0 0.430867 0.475300 0.216800 0.041900
0 0.755700 0.547025 0.488600 0.110650
0 0.781667 0.609650 0.170133 0.053200
0 0.633350 0.628850 0.099367 0.039600
0 0.539650 0.438025 0.091100 0.032850
0 0.739117 0.470775 0.060967 0.023850
0 0.730983 0.414900 0.075633 0.023800
0 0.667717 0.393200 0.094567 0.037400
0 0.384717 0.376650 0.082100 0.019600
0 0.657583 0.286975 0.054367 0.011050
0 0.588867 0.346550 0.062200 0.014200
0 0.722200 0.965475 0.115933 0.069050
0 0.583650 0.789750 0.148967 0.092700
0 0.713133 0.673450 0.260400 0.054300
0 0.470383 0.561750 0.208500 0.064500
