0 0.038245 0.835875 0.076489 0.210942
0 0.115638 0.556077 0.097177 0.059538
0 0.095872 0.651548 0.108652 0.062250
0 0.255415 0.502577 0.085950 0.042885
0 0.354277 0.514096 0.093603 0.021500
0 0.530145 0.422798 0.105085 0.017365
0 0.486528 0.484048 0.074986 0.022135
0 0.657418 0.425260 0.060199 0.020750
0 0.646199 0.507183 0.044894 0.024288
0 0.627957 0.582942 0.044638 0.027654
0 0.680504 0.610923 0.082894 0.033962
0 0.586259 0.537269 0.062234 0.024962
0 0.381567 0.591904 0.085957 0.029115
0 0.349546 0.716394 0.058638 0.020827
0 0.535117 0.701904 0.100234 0.062231
0 0.726032 0.662442 0.088759 0.027731
0 0.739294 0.757923 0.059170 0.030423
0 0.722525 0.903933 0.554950 0.192135
0 0.431092 0.775163 0.243716 0.051635
0 0.259546 0.840298 0.141404 0.065558
0 0.477819 0.931606 0.213326 0.107558
