0 0.362976 0.242081 0.123512 0.026667
0 0.469936 0.892636 0.314775 0.214727
0 0.299979 0.668909 0.293233 0.104000
0 0.463351 0.514768 0.150814 0.082545
0 0.264079 0.454364 0.147216 0.052040
0 0.231756 0.385485 0.252548 0.058848
0 0.637409 0.373495 0.060942 0.037899
0 0.785278 0.257182 0.141991 0.054889
0 0.745824 0.214495 0.068094 0.012222
0 0.724572 0.189758 0.072741 0.016323
0 0.705011 0.171980 0.058073 0.010384
0 0.685503 0.158859 0.041756 0.008222
0 0.653940 0.104192 0.056103 0.016061
0 0.368651 0.182838 0.060985 0.017798
