0 0.589925 0.387160 0.068300 0.059175
0 0.368275 0.448786 0.067950 0.054272
0 0.234200 0.394951 0.090000 0.064951
0 0.169187 0.291529 0.145075 0.077816
0 0.269825 0.220218 0.058400 0.039272
0 0.349725 0.288325 0.066850 0.051408
0 0.344213 0.334709 0.051425 0.044272
0 0.508937 0.200995 0.109825 0.045000
0 0.906213 0.133010 0.166075 0.097573
0 0.410087 0.125898 0.104375 0.046942
0 0.843038 0.273131 0.035275 0.030825
0 0.747300 0.249150 0.051050 0.037039
0 0.516575 0.848665 0.103450 0.138010
0 0.480400 0.679757 0.149150 0.138155
0 0.349163 0.545850 0.091475 0.077039
0 0.581662 0.516942 0.059875 0.057767
0 0.476437 0.493058 0.060975 0.052816
0 0.720863 0.390364 0.065725 0.071311
