0 0.561505 0.825659 0.184615 0.158078
0 0.110411 0.763558 0.094198 0.094093
0 0.557391 0.501961 0.165010 0.086558
0 0.639406 0.406271 0.123479 0.046279
0 0.650839 0.332977 0.091469 0.029488
0 0.540318 0.372682 0.119823 0.047194
0 0.396562 0.427116 0.094521 0.041798
0 0.393974 0.384233 0.080802 0.037705
0 0.468057 0.335481 0.049698 0.029039
0 0.311500 0.390364 0.042083 0.022744
0 0.353120 0.350202 0.072260 0.029550
0 0.553885 0.327767 0.045729 0.023597
0 0.590323 0.303008 0.076521 0.023194
0 0.554432 0.280946 0.072490 0.024527
0 0.453641 0.258488 0.051531 0.022744
0 0.605719 0.242070 0.050104 0.017070
0 0.536557 0.248504 0.044469 0.015767
0 0.661943 0.240202 0.041469 0.015008
0 0.607318 0.193705 0.032781 0.010078
0 0.616135 0.183419 0.030729 0.006124
0 0.546078 0.184380 0.030135 0.008946
