0 0.701388 0.545100 0.143313 0.110067
0 0.175948 0.497993 0.223239 0.085521
0 0.581239 0.433182 0.074567 0.032661
0 0.402351 0.451674 0.159388 0.078204
0 0.741791 0.244180 0.060358 0.022639
0 0.800045 0.278969 0.062896 0.020111
0 0.516530 0.349945 0.067418 0.029734
0 0.423448 0.338603 0.052179 0.018891
0 0.233627 0.257982 0.084388 0.042262
0 0.309746 0.373115 0.171075 0.144102
0 0.867112 0.576197 0.089687 0.046408
0 0.309731 0.597084 0.223194 0.120244
0 0.504612 0.521242 0.071164 0.047140
0 0.029582 0.469645 0.059164 0.062572
0 0.775500 0.884967 0.418612 0.230067
0 0.720552 0.341452 0.062149 0.023525
0 0.972284 0.305854 0.055433 0.031973
0 0.945978 0.424933 0.040940 0.023481
