0 0.332402 0.348633 0.070918 0.024434
0 0.334131 0.158643 0.240332 0.052793
0 0.206870 0.234644 0.197002 0.069424
0 0.031743 0.430508 0.063486 0.051172
0 0.694277 0.381699 0.149062 0.057129
0 0.878794 0.443755 0.121475 0.073545
0 0.977646 0.521895 0.044707 0.065664
0 0.936904 0.753301 0.126191 0.095312
0 0.664795 0.613730 0.254629 0.191992
0 0.034536 0.702236 0.069072 0.110293
0 0.327100 0.860313 0.437090 0.279375
0 0.641611 0.006289 0.153223 0.012578
0 0.575078 0.024819 0.102285 0.023760
0 0.413530 0.064619 0.058525 0.012578
0 0.140630 0.095347 0.113271 0.032334
0 0.318477 0.044180 0.148301 0.041641
0 0.384961 0.105742 0.114922 0.036719
0 0.522041 0.053784 0.137344 0.027900
0 0.746401 0.093457 0.082627 0.030645
0 0.755977 0.059258 0.199180 0.036660
0 0.688120 0.135044 0.097412 0.048154
0 0.582231 0.109600 0.114365 0.037754
0 0.629297 0.191138 0.157051 0.043232
0 0.686470 0.282485 0.070029 0.032354
0 0.570742 0.348159 0.129688 0.048760
0 0.324375 0.431982 0.401875 0.203301
0 0.403872 0.221255 0.085107 0.033174
0 0.472900 0.187690 0.068945 0.021338
0 0.484087 0.287954 0.172568 0.055947
0 0.254839 0.295425 0.085732 0.031924
