0 0.493414 0.795253 0.722556 0.409495
0 0.942407 0.850967 0.115185 0.123121
0 0.899438 0.592363 0.091099 0.062923
0 0.775210 0.630681 0.089654 0.041802
0 0.560216 0.425978 0.054136 0.041143
0 0.603833 0.521747 0.055173 0.058308
0 0.410907 0.359341 0.101173 0.059341
0 0.389160 0.312626 0.053284 0.022791
0 0.576148 0.265824 0.135111 0.028791
0 0.465531 0.274725 0.041037 0.043604
0 0.561562 0.308824 0.127593 0.033209
0 0.797963 0.241462 0.046296 0.019890
0 0.893130 0.371473 0.178753 0.031824
0 0.714969 0.400110 0.185914 0.072132
