0 0.296814 0.771243 0.593627 0.339857
0 0.515636 0.593471 0.181881 0.062829
0 0.439356 0.522114 0.139085 0.048686
0 0.672864 0.511971 0.091627 0.028229
0 0.615881 0.479757 0.108542 0.034314
0 0.558280 0.452329 0.058153 0.032714
0 0.662449 0.446100 0.109508 0.036486
0 0.636627 0.413129 0.090814 0.022943
0 0.725288 0.399814 0.138915 0.041914
0 0.602534 0.373643 0.107237 0.019114
0 0.605280 0.336629 0.067508 0.011486
0 0.670856 0.316186 0.069441 0.027286
0 0.780517 0.430843 0.053305 0.019971
0 0.797822 0.450214 0.061915 0.018600
