0 0.284990 0.511400 0.041180 0.016973
0 0.366645 0.875837 0.140230 0.141004
0 0.428992 0.980805 0.133915 0.038390
0 0.739780 0.975969 0.117910 0.048063
0 0.518760 0.708287 0.217380 0.114053
0 0.261838 0.611517 0.201365 0.104373
0 0.421930 0.583465 0.056160 0.038583
0 0.179767 0.508287 0.083635 0.037500
0 0.084645 0.480036 0.091860 0.039060
0 0.734985 0.500670 0.129450 0.059601
0 0.794417 0.457105 0.056365 0.029167
0 0.964958 0.530228 0.070085 0.066795
0 0.704697 0.422593 0.068575 0.024074
0 0.753202 0.360552 0.075565 0.020833
0 0.666102 0.391457 0.045985 0.015506
0 0.658220 0.365417 0.026650 0.010648
0 0.575507 0.355114 0.030225 0.029402
0 0.534398 0.311827 0.044525 0.013198
0 0.508410 0.485759 0.032370 0.018056
0 0.420368 0.485620 0.041535 0.016667
0 0.359820 0.448401 0.135720 0.046660
0 0.250238 0.446952 0.063475 0.019558
0 0.234982 0.405157 0.045705 0.022507
0 0.299810 0.399530 0.044010 0.018974
0 0.353355 0.338590 0.047610 0.015741
0 0.426100 0.315506 0.023020 0.006425
0 0.448500 0.305944 0.039600 0.012699
0 0.505095 0.295491 0.024610 0.011097
0 0.523263 0.278052 0.040625 0.009323
0 0.182190 0.273276 0.060600 0.009644
0 0.167137 0.288967 0.016705 0.006909
0 0.218257 0.286955 0.012185 0.006104
0 0.227115 0.266382 0.014560 0.003860
0 0.265313 0.275061 0.042205 0.006432
0 0.228118 0.302561 0.129675 0.016389
0 0.254853 0.326485 0.066895 0.017172
0 0.170508 0.357354 0.038015 0.012785
0 0.120533 0.324266 0.034195 0.007393
0 0.381658 0.300442 0.026815 0.009644
0 0.372790 0.264270 0.046720 0.012158
0 0.306773 0.259163 0.031955 0.006944
0 0.394523 0.279900 0.022475 0.007906
0 0.438128 0.284238 0.014085 0.004245
0 0.396555 0.249423 0.019500 0.007906
0 0.487602 0.247635 0.023925 0.007236
0 0.492510 0.238632 0.025620 0.005627
0 0.530935 0.224006 0.042430 0.008526
0 0.846773 0.255730 0.029655 0.005791
0 0.468367 0.229423 0.022645 0.003903
0 0.467310 0.215356 0.019280 0.004131
0 0.602077 0.263996 0.032915 0.009245
0 0.632610 0.279049 0.087750 0.016902
0 0.595108 0.298102 0.027465 0.010876
0 0.599090 0.286877 0.033800 0.009722
0 0.716592 0.279676 0.031785 0.012500
