0 0.550021 0.503576 0.322263 0.070303
0 0.566955 0.825636 0.354156 0.143273
0 0.216790 0.425439 0.198930 0.041424
0 0.714835 0.405833 0.267695 0.046879
0 0.738107 0.331242 0.186996 0.030242
0 0.542325 0.325258 0.095844 0.020818
0 0.619362 0.301773 0.161770 0.022394
0 0.545514 0.278470 0.147654 0.023000
0 0.373045 0.334697 0.107407 0.025212
0 0.226481 0.383561 0.141193 0.035909
0 0.142202 0.346106 0.136173 0.026576
0 0.639897 0.238682 0.106543 0.012636
0 0.341173 0.255379 0.086872 0.020212
0 0.665021 0.184061 0.109877 0.027212
0 0.527634 0.181030 0.056008 0.009091
