0 0.216358 0.659763 0.095450 0.062875
0 0.473004 0.511450 0.171692 0.086275
0 0.530654 0.434188 0.087675 0.050450
0 0.710017 0.508088 0.108983 0.028050
0 0.719721 0.672975 0.124658 0.066675
0 0.105046 0.374713 0.080608 0.030325
0 0.145433 0.278838 0.042150 0.015750
0 0.313833 0.326494 0.044067 0.022387
0 0.433358 0.251013 0.036000 0.013775
0 0.335621 0.221575 0.048958 0.020250
0 0.383679 0.186750 0.039958 0.014300
0 0.084746 0.255950 0.057675 0.017150
0 0.044742 0.236400 0.065850 0.014175
0 0.138642 0.232013 0.031350 0.010350
0 0.167667 0.170812 0.049500 0.010350
0 0.043842 0.201544 0.043350 0.012412
0 0.197608 0.294594 0.025817 0.010738
