0 0.704773 0.421741 0.069685 0.024893
0 0.754548 0.359188 0.068805 0.016382
0 0.794148 0.457037 0.057295 0.028675
0 0.730215 0.499833 0.128810 0.055677
0 0.965017 0.533551 0.069965 0.072927
0 0.320560 0.446182 0.216920 0.053091
0 0.301660 0.398925 0.048890 0.018590
0 0.235072 0.403811 0.042255 0.022066
0 0.285952 0.509441 0.045125 0.024893
0 0.177775 0.506766 0.083620 0.046638
0 0.079440 0.476827 0.097120 0.037813
0 0.314222 0.608362 0.300555 0.133305
0 0.520925 0.711083 0.231750 0.119188
0 0.361067 0.878579 0.134315 0.140363
0 0.745122 0.972788 0.129365 0.054423
0 0.393910 0.280078 0.022490 0.008661
0 0.666390 0.390388 0.047780 0.017016
0 0.372803 0.263665 0.048115 0.012600
0 0.578120 0.354306 0.036280 0.034979
0 0.181618 0.274843 0.059605 0.011595
0 0.306065 0.258939 0.030790 0.007877
0 0.355015 0.339341 0.053520 0.017742
