0 0.577092 0.676628 0.130079 0.067541
0 0.398697 0.377225 0.151500 0.041756
0 0.676941 0.631885 0.122092 0.043162
0 0.260697 0.364555 0.047447 0.031639
0 0.227033 0.335960 0.100092 0.028923
0 0.485572 0.446405 0.129171 0.032155
0 0.450526 0.415632 0.092737 0.028314
0 0.257546 0.461663 0.122434 0.048478
0 0.311717 0.420539 0.094882 0.020703
0 0.301164 0.528314 0.047750 0.018595
0 0.246375 0.556101 0.036724 0.017494
0 0.199697 0.568361 0.040711 0.019110
0 0.071454 0.539204 0.065197 0.053443
0 0.643875 0.490129 0.089987 0.035340
0 0.562855 0.549906 0.160684 0.050117
0 0.273007 0.664637 0.293829 0.082810
0 0.155013 0.816089 0.202316 0.088244
0 0.451296 0.733829 0.166197 0.103489
0 0.767316 0.796733 0.191000 0.057260
0 0.800375 0.895902 0.074066 0.077892
0 0.764382 0.978173 0.156026 0.043653
