0 0.364333 0.325251 0.059460 0.053122
0 0.659858 0.932871 0.196987 0.134258
0 0.069790 0.870972 0.139580 0.258057
0 0.086544 0.545524 0.173088 0.173799
0 0.431394 0.646703 0.335142 0.278559
0 0.821139 0.705688 0.357721 0.420109
0 0.935945 0.377020 0.128111 0.220459
0 0.753028 0.337991 0.136882 0.078559
0 0.570165 0.400579 0.072804 0.047445
0 0.465592 0.403177 0.064618 0.035087
0 0.253441 0.511528 0.078516 0.060699
0 0.037226 0.360317 0.074453 0.046397
0 0.143733 0.383133 0.059130 0.045437
0 0.258058 0.341998 0.055847 0.040677
0 0.492114 0.330721 0.059460 0.032576
0 0.658006 0.246048 0.222399 0.093799
0 0.822091 0.303483 0.035487 0.024869
0 0.803531 0.263766 0.030570 0.024258
0 0.436709 0.239116 0.084033 0.041463
0 0.533561 0.180273 0.115247 0.035480
0 0.635847 0.158144 0.107226 0.026026
0 0.722721 0.180153 0.062354 0.030175
