0 0.721650 0.967675 0.122500 0.064650
0 0.584717 0.787300 0.154567 0.093000
0 0.717000 0.676500 0.251667 0.065000
0 0.782500 0.612450 0.175467 0.044900
0 0.635367 0.623300 0.092933 0.035000
0 0.441200 0.611900 0.158267 0.041200
0 0.478367 0.561675 0.216067 0.061350
0 0.264200 0.518025 0.136067 0.046550
0 0.457133 0.478975 0.275600 0.034250
0 0.662767 0.521925 0.320000 0.060750
0 0.738183 0.468175 0.060300 0.022050
0 0.724900 0.417025 0.090467 0.022050
0 0.666583 0.393350 0.097967 0.035000
0 0.534867 0.436700 0.092933 0.032300
0 0.385583 0.376400 0.085767 0.021500
0 0.372650 0.677875 0.079300 0.024850
0 0.585800 0.347775 0.068933 0.018850
0 0.627800 0.370375 0.036600 0.013450
0 0.657400 0.285575 0.057067 0.016150
