0 0.670117 0.387875 0.032779 0.012610
0 0.408143 0.659319 0.173013 0.112725
0 0.495422 0.574630 0.089727 0.063164
0 0.620201 0.532159 0.041649 0.031570
0 0.677617 0.663395 0.197519 0.086051
0 0.697526 0.856432 0.175468 0.187875
0 0.368279 0.439746 0.047156 0.034319
0 0.054916 0.464261 0.109831 0.065889
0 0.406708 0.280635 0.033675 0.009769
0 0.528961 0.304538 0.048909 0.020485
0 0.555104 0.264192 0.040234 0.017344
0 0.584968 0.246859 0.049623 0.017321
0 0.667812 0.313349 0.095156 0.029931
0 0.620584 0.367390 0.060260 0.030254
