0 0.437768 0.724649 0.219515 0.100408
0 0.677468 0.797891 0.227895 0.170748
0 0.773444 0.706587 0.054031 0.027460
0 0.838693 0.670646 0.111747 0.053583
0 0.634324 0.633401 0.152908 0.037914
0 0.511001 0.577200 0.133431 0.045737
0 0.247978 0.898288 0.214681 0.062109
0 0.054758 0.906746 0.109515 0.085828
0 0.378897 0.595726 0.097768 0.032086
0 0.666677 0.537698 0.101008 0.035351
0 0.845759 0.613401 0.087768 0.043900
0 0.942545 0.845045 0.114911 0.063696
0 0.460242 0.926485 0.213929 0.147029
0 0.234662 0.676655 0.057334 0.058163
0 0.245938 0.597971 0.052079 0.024512
0 0.185140 0.599331 0.045026 0.031587
0 0.103960 0.635272 0.057283 0.023968
0 0.123342 0.573844 0.056199 0.034036
0 0.279611 0.522381 0.155115 0.052290
