0 0.705910 0.173242 0.057816 0.011131
0 0.357848 0.242616 0.136895 0.029313
0 0.365075 0.182747 0.069936 0.019192
0 0.655268 0.105707 0.064754 0.020263
0 0.528469 0.246101 0.107002 0.047758
0 0.542762 0.185939 0.040257 0.011515
0 0.641146 0.373202 0.076124 0.048182
0 0.546296 0.206343 0.042612 0.011515
0 0.461820 0.879495 0.358158 0.241010
0 0.295675 0.663505 0.276488 0.114889
0 0.460460 0.511848 0.147773 0.083859
0 0.274893 0.451646 0.143704 0.058323
0 0.231884 0.383030 0.260899 0.056162
0 0.781317 0.255020 0.144518 0.052747
0 0.745396 0.214747 0.073062 0.011596
0 0.731938 0.189263 0.069829 0.011818
