0 0.380473 0.565396 0.115711 0.088097
0 0.436707 0.275965 0.022945 0.007403
0 0.492520 0.210174 0.025242 0.009597
0 0.487996 0.225889 0.009180 0.004556
0 0.486852 0.236208 0.011750 0.005528
0 0.490023 0.248812 0.031594 0.012486
0 0.126016 0.392347 0.252031 0.142417
0 0.373539 0.326167 0.029438 0.012667
0 0.412211 0.302000 0.028781 0.011000
0 0.433820 0.315333 0.032062 0.009333
0 0.496695 0.293750 0.032578 0.010278
0 0.490406 0.308333 0.030156 0.010556
0 0.512988 0.337451 0.048523 0.018431
0 0.579719 0.343562 0.029750 0.017514
0 0.530379 0.363715 0.039602 0.019875
0 0.257480 0.460771 0.061258 0.033653
0 0.371059 0.418021 0.120539 0.067125
0 0.500727 0.413278 0.085969 0.035639
0 0.638281 0.383514 0.067891 0.030250
0 0.665051 0.434882 0.031727 0.021431
0 0.603629 0.441021 0.054602 0.038764
0 0.541410 0.485458 0.076227 0.038139
0 0.559316 0.537326 0.082195 0.055375
0 0.715148 0.551167 0.090109 0.058528
0 0.801555 0.697285 0.083719 0.077597
0 0.485957 0.616118 0.078070 0.043486
0 0.090781 0.705819 0.153641 0.130111
0 0.306531 0.830250 0.178906 0.339500
0 0.610344 0.765382 0.100719 0.124819
0 0.875633 0.916611 0.191188 0.166778
