0 0.348168 0.458242 0.090260 0.035964
0 0.384470 0.508535 0.045885 0.026133
0 0.948681 0.511374 0.088229 0.018190
0 0.860443 0.464108 0.048906 0.018945
0 0.911120 0.433659 0.037309 0.014036
0 0.793385 0.414577 0.063021 0.027982
0 0.754219 0.375729 0.120104 0.015260
0 0.869974 0.658060 0.064045 0.048073
0 0.692743 0.600410 0.111944 0.077148
0 0.641563 0.691543 0.061007 0.060508
0 0.527413 0.419310 0.042361 0.013984
0 0.777691 0.928411 0.444618 0.143177
0 0.439401 0.804036 0.222066 0.136589
0 0.286623 0.721198 0.102865 0.041797
0 0.321415 0.622292 0.071997 0.036302
0 0.961102 0.542930 0.077795 0.029870
0 0.337075 0.422318 0.062031 0.023854
0 0.637682 0.319141 0.031372 0.008229
0 0.041493 0.249987 0.058125 0.004974
0 0.066094 0.239290 0.067465 0.013242
0 0.120408 0.213835 0.047622 0.007617
0 0.142318 0.202995 0.049566 0.007812
0 0.160920 0.192331 0.045590 0.005938
