0 0.896942 0.414062 0.066525 0.038192
0 0.696439 0.792803 0.232720 0.211510
0 0.860802 0.611018 0.278396 0.157597
0 0.562209 0.626236 0.051305 0.057323
0 0.501258 0.519508 0.046950 0.050549
0 0.607484 0.427849 0.127107 0.152220
0 0.766470 0.443673 0.106116 0.070549
0 0.964017 0.471979 0.035487 0.021716
0 0.677531 0.319451 0.176761 0.068650
0 0.286101 0.767620 0.484088 0.464760
0 0.335338 0.464245 0.042091 0.044233
0 0.430173 0.384085 0.085755 0.095675
0 0.442115 0.269805 0.229481 0.110320
0 0.713679 0.244382 0.100031 0.071098
