0 0.256465 0.501000 0.085142 0.044038
0 0.113046 0.548529 0.103965 0.055596
0 0.436064 0.470654 0.042965 0.018346
0 0.587823 0.545067 0.058709 0.028442
0 0.489273 0.484096 0.074447 0.024385
0 0.353500 0.513567 0.087184 0.018288
0 0.093823 0.652087 0.106922 0.063673
0 0.044766 0.829750 0.089532 0.195231
0 0.347770 0.718548 0.056206 0.016365
0 0.382947 0.590413 0.084518 0.025404
0 0.533457 0.700538 0.097426 0.050231
0 0.726667 0.660115 0.087050 0.038038
0 0.739798 0.763029 0.060078 0.031212
0 0.424929 0.776837 0.223177 0.058519
0 0.261397 0.843683 0.133645 0.061712
0 0.470599 0.929240 0.219723 0.106519
0 0.678865 0.614231 0.081418 0.036538
0 0.629167 0.582654 0.050957 0.022346
0 0.657518 0.427875 0.057702 0.014904
0 0.644777 0.507471 0.040220 0.016942
0 0.758961 0.899913 0.482078 0.200173
