0 0.606704 0.340736 0.045693 0.008659
0 0.543779 0.339941 0.062441 0.014440
0 0.398613 0.350039 0.123086 0.036797
0 0.357163 0.377109 0.066572 0.015234
0 0.269009 0.401829 0.119502 0.028372
0 0.315132 0.438665 0.075244 0.028034
0 0.516382 0.389329 0.060752 0.018034
0 0.522388 0.436335 0.074248 0.021367
0 0.615137 0.483346 0.170508 0.045339
0 0.726133 0.519674 0.093750 0.033333
0 0.545386 0.568848 0.094248 0.039674
0 0.417661 0.509134 0.088369 0.028711
0 0.246738 0.469076 0.071172 0.024089
0 0.179707 0.538483 0.109199 0.041602
0 0.131406 0.581087 0.104395 0.042799
0 0.078501 0.657812 0.157002 0.092734
0 0.432402 0.613171 0.101523 0.048372
0 0.577554 0.640534 0.122256 0.058177
0 0.420972 0.720905 0.232373 0.102487
0 0.658730 0.845469 0.139102 0.126719
0 0.499663 0.326680 0.060830 0.011849
