0 0.743475 0.975438 0.124950 0.049124
0 0.397173 0.250367 0.018955 0.007813
0 0.347240 0.214918 0.013570 0.004580
0 0.392178 0.219840 0.016385 0.005306
0 0.401202 0.207258 0.017535 0.004217
0 0.466160 0.215637 0.021160 0.005207
0 0.432462 0.211011 0.024005 0.005826
0 0.468577 0.230288 0.022315 0.003811
0 0.529122 0.224972 0.045075 0.009131
0 0.493273 0.238519 0.029605 0.004430
0 0.487783 0.248761 0.026885 0.006567
0 0.664795 0.282311 0.028980 0.010121
0 0.598652 0.299815 0.030305 0.010399
0 0.716562 0.283255 0.029865 0.012009
0 0.523445 0.278095 0.044410 0.009437
0 0.437915 0.284003 0.017880 0.006068
0 0.382148 0.302269 0.027285 0.008397
0 0.393300 0.280199 0.021570 0.007379
0 0.372748 0.263533 0.046825 0.013917
0 0.305457 0.258807 0.035395 0.009195
0 0.182125 0.274679 0.061940 0.011054
0 0.118338 0.324708 0.032445 0.008689
0 0.227382 0.302269 0.137715 0.021004
0 0.847463 0.256845 0.031635 0.007279
0 0.534550 0.311528 0.040190 0.012315
0 0.449197 0.307058 0.043875 0.013419
0 0.426153 0.317828 0.023595 0.008689
0 0.413523 0.360897 0.020095 0.009744
0 0.242998 0.326770 0.096785 0.022842
0 0.171192 0.358665 0.042405 0.012628
0 0.357258 0.337774 0.061205 0.018640
0 0.235402 0.406186 0.044985 0.021531
0 0.301677 0.399669 0.047375 0.018383
0 0.363555 0.444594 0.137300 0.053091
0 0.248710 0.445253 0.068810 0.027272
0 0.285347 0.508579 0.040775 0.021332
0 0.080032 0.479288 0.095885 0.041795
0 0.178787 0.507874 0.082505 0.046332
0 0.321817 0.601496 0.319825 0.140442
0 0.360077 0.881442 0.131015 0.146717
0 0.429160 0.983672 0.139270 0.032657
0 0.523567 0.708967 0.240005 0.127821
0 0.658832 0.365370 0.030525 0.008704
0 0.574415 0.354594 0.031590 0.032521
0 0.753205 0.360075 0.073270 0.017016
0 0.669053 0.391652 0.054685 0.017393
0 0.704095 0.422853 0.067960 0.023825
0 0.795283 0.455370 0.062915 0.028362
0 0.735287 0.503967 0.126625 0.057479
0 0.964662 0.532650 0.070675 0.062080
