0 0.310395 0.840923 0.308000 0.154793
0 0.494926 0.633499 0.175728 0.107328
0 0.285877 0.558678 0.164642 0.077410
0 0.238247 0.465813 0.295062 0.069146
0 0.706728 0.447231 0.072123 0.062948
0 0.874642 0.285220 0.156395 0.079477
0 0.830370 0.230634 0.079654 0.017851
0 0.809136 0.197810 0.072790 0.019587
0 0.783704 0.175344 0.060148 0.014380
0 0.760852 0.156198 0.052667 0.012948
0 0.724840 0.080785 0.069580 0.027466
0 0.391123 0.190358 0.076617 0.025675
0 0.383877 0.268595 0.143457 0.038843
0 0.583519 0.276653 0.108123 0.045372
