0 0.528917 0.616011 0.145800 0.125578
0 0.420283 0.614389 0.045433 0.043044
0 0.315267 0.395344 0.079900 0.039267
0 0.479692 0.391022 0.029417 0.014533
0 0.494583 0.440522 0.056667 0.023889
0 0.576367 0.491411 0.109233 0.048289
0 0.695308 0.592122 0.072617 0.046733
0 0.658333 0.548800 0.042633 0.027778
0 0.158517 0.543333 0.050867 0.039822
0 0.228817 0.474333 0.457633 0.155156
0 0.287225 0.630467 0.146550 0.122800
0 0.614983 0.443556 0.048833 0.028044
0 0.241200 0.361789 0.161333 0.083978
0 0.356483 0.348578 0.028033 0.014578
0 0.367275 0.365767 0.032250 0.017578
0 0.423625 0.390256 0.028883 0.015711
0 0.828592 0.776500 0.325683 0.343800
