0 0.507149 0.525500 0.085556 0.079472
0 0.693354 0.271806 0.099404 0.046750
0 0.807598 0.352826 0.131258 0.053236
0 0.681238 0.417181 0.022328 0.020833
0 0.745780 0.429215 0.028864 0.043986
0 0.885882 0.539167 0.228235 0.245556
0 0.425106 0.518368 0.051291 0.046681
0 0.323211 0.612694 0.039036 0.044750
0 0.381989 0.638153 0.058096 0.065583
0 0.653889 0.719167 0.087255 0.082222
0 0.802108 0.687757 0.030637 0.040181
0 0.705662 0.587444 0.043497 0.062694
0 0.580335 0.630437 0.040850 0.030097
0 0.513276 0.643167 0.026552 0.044750
