0 0.730573 0.077630 0.088104 0.024719
0 0.466542 0.875208 0.481688 0.249583
0 0.098661 0.616854 0.197323 0.160708
0 0.482036 0.603958 0.349198 0.214271
0 0.134849 0.412443 0.269698 0.162573
0 0.613125 0.370385 0.215625 0.074479
0 0.770880 0.298089 0.105406 0.034448
0 0.962771 0.240906 0.074458 0.045458
0 0.443995 0.281208 0.376135 0.113667
0 0.155000 0.251240 0.178417 0.039958
0 0.358333 0.175542 0.127979 0.039875
0 0.418609 0.212375 0.123594 0.043854
0 0.645453 0.184474 0.271094 0.054219
0 0.946250 0.190849 0.104854 0.029510
0 0.916151 0.150385 0.098073 0.022729
0 0.916417 0.085401 0.167167 0.032302
0 0.592427 0.123073 0.108438 0.040667
0 0.486385 0.095370 0.105250 0.031490
0 0.319740 0.116896 0.128375 0.028313
0 0.112630 0.156365 0.094490 0.033896
0 0.031099 0.203406 0.062198 0.053021
0 0.140141 0.181078 0.057010 0.021927
0 0.922474 0.034406 0.098010 0.025750
0 0.746240 0.026870 0.051167 0.015281
0 0.855438 0.211177 0.061396 0.035083
