0 0.549018 0.282644 0.131355 0.024904
0 0.414035 0.241394 0.055348 0.024288
0 0.297986 0.239317 0.137986 0.025673
0 0.479922 0.513990 0.056113 0.020750
0 0.433422 0.334423 0.062489 0.020000
0 0.327954 0.389779 0.114262 0.018673
0 0.204759 0.379750 0.098965 0.053962
0 0.319887 0.646577 0.078241 0.024154
0 0.416865 0.722808 0.286043 0.065731
0 0.362695 0.489788 0.108652 0.035269
0 0.494816 0.354577 0.096922 0.027654
0 0.706266 0.283683 0.076518 0.018673
0 0.691344 0.387087 0.049227 0.022135
0 0.617372 0.423394 0.075752 0.028365
0 0.670812 0.480798 0.063255 0.029750
0 0.721567 0.528519 0.121915 0.071231
0 0.790174 0.575894 0.114262 0.033212
0 0.555394 0.625683 0.132887 0.066404
0 0.810457 0.700385 0.078816 0.040115
0 0.765986 0.882269 0.468028 0.235462
0 0.210270 0.805481 0.178752 0.084731
0 0.478436 0.905779 0.275468 0.141019
