0 0.586377 0.936155 0.121922 0.099376
0 0.332390 0.924607 0.130805 0.150785
0 0.340006 0.694515 0.063494 0.074527
0 0.840688 0.625635 0.294000 0.336490
0 0.629623 0.684215 0.094364 0.105843
0 0.501078 0.644226 0.037481 0.029007
0 0.603604 0.587367 0.081130 0.056443
0 0.536578 0.602263 0.046740 0.028222
0 0.666662 0.558360 0.044104 0.043926
0 0.593468 0.524249 0.057325 0.040000
0 0.531955 0.535970 0.030429 0.033788
0 0.724864 0.382275 0.218714 0.055774
0 0.727968 0.318187 0.145701 0.028753
0 0.722610 0.268176 0.071195 0.029469
