0 0.209684 0.933958 0.091526 0.085417
0 0.212987 0.701218 0.149132 0.074551
0 0.382697 0.748622 0.112921 0.121603
0 0.627211 0.648734 0.140842 0.088301
0 0.819395 0.606538 0.075105 0.090064
0 0.611882 0.531474 0.067079 0.044679
0 0.585224 0.455016 0.081974 0.039840
0 0.689829 0.411747 0.076816 0.034904
0 0.436145 0.439567 0.088289 0.067019
0 0.620737 0.320000 0.064211 0.024103
0 0.689513 0.371314 0.033816 0.035962
0 0.570763 0.256971 0.072211 0.024647
0 0.020605 0.402853 0.041211 0.045192
0 0.914618 0.915946 0.104605 0.168109
0 0.469474 0.903189 0.083211 0.093365
