0 0.178852 0.807002 0.305547 0.216159
0 0.416570 0.465410 0.333672 0.338782
0 0.651836 0.386944 0.188141 0.130375
0 0.813109 0.519461 0.174000 0.092225
0 0.964195 0.517869 0.071609 0.072084
0 0.281531 0.118162 0.083906 0.031639
0 0.395117 0.167717 0.154172 0.069532
0 0.573164 0.192260 0.155547 0.068501
0 0.572148 0.132190 0.130297 0.044473
0 0.447813 0.098197 0.117000 0.045012
0 0.144562 0.040492 0.064250 0.018782
0 0.834242 0.148653 0.059016 0.020960
0 0.651922 0.275960 0.127562 0.062881
0 0.719461 0.167576 0.110516 0.063911
0 0.644922 0.097775 0.099219 0.036768
0 0.542781 0.071710 0.112562 0.036815
0 0.786891 0.726300 0.231062 0.280937
0 0.324008 0.068806 0.061391 0.023419
0 0.335375 0.028536 0.059125 0.023864
