0 0.771036 0.299698 0.103240 0.032021
0 0.962625 0.239250 0.074750 0.047042
0 0.857620 0.213146 0.055552 0.033979
0 0.753719 0.223240 0.066000 0.028104
0 0.444630 0.279109 0.371823 0.113698
0 0.146000 0.248401 0.178396 0.047052
0 0.417672 0.214411 0.121010 0.043490
0 0.362839 0.176370 0.138031 0.043490
0 0.555516 0.180323 0.096052 0.032479
0 0.694677 0.188302 0.171687 0.046938
0 0.946344 0.188094 0.107021 0.029875
0 0.907188 0.150276 0.106667 0.023823
0 0.917375 0.086026 0.164500 0.031010
0 0.796552 0.105505 0.043875 0.017010
0 0.619010 0.124391 0.156938 0.034448
0 0.733422 0.077422 0.093031 0.024052
0 0.137370 0.182927 0.050823 0.015438
0 0.111505 0.152526 0.092573 0.028135
0 0.323422 0.117359 0.134323 0.025865
0 0.031698 0.188375 0.063396 0.029042
0 0.449161 0.889328 0.481031 0.221344
0 0.486016 0.610615 0.336406 0.199979
0 0.099302 0.622833 0.198604 0.150292
0 0.134260 0.421896 0.268521 0.167937
0 0.613552 0.368964 0.201271 0.073844
0 0.794604 0.049917 0.075375 0.016542
0 0.745495 0.026547 0.050156 0.013385
0 0.596193 0.033083 0.224177 0.066167
0 0.363396 0.053234 0.106188 0.028594
0 0.173672 0.117130 0.055365 0.019969
0 0.486786 0.097161 0.107094 0.026323
0 0.921313 0.035609 0.089292 0.020490
