0 0.341485 0.878407 0.089423 0.015977
0 0.979052 0.660942 0.041897 0.016256
0 0.920732 0.606965 0.033649 0.010860
0 0.810263 0.611651 0.084134 0.019209
0 0.714222 0.621512 0.045021 0.013302
0 0.642758 0.607453 0.037144 0.011837
0 0.769505 0.553233 0.039773 0.010837
0 0.881902 0.659419 0.053763 0.013814
0 0.904407 0.678395 0.022732 0.017256
0 0.031691 0.812128 0.063381 0.040256
0 0.473711 0.882151 0.074680 0.025605
0 0.842536 0.716128 0.035505 0.015186
0 0.719474 0.672907 0.055093 0.036465
0 0.656113 0.651791 0.069423 0.022372
0 0.764835 0.764012 0.094392 0.033233
0 0.722046 0.826558 0.089619 0.022465
0 0.858675 0.815791 0.084485 0.042326
0 0.757856 0.886674 0.106144 0.031488
