0 0.844806 0.728113 0.115096 0.028075
0 0.962060 0.777453 0.075879 0.029569
0 0.500000 0.869872 1.000000 0.260256
0 0.141165 0.622447 0.035404 0.011394
0 0.548906 0.601475 0.086046 0.026400
0 0.385637 0.590534 0.014225 0.005094
0 0.428156 0.579500 0.029421 0.006788
0 0.370915 0.569659 0.089163 0.016794
0 0.393031 0.633563 0.059829 0.014000
0 0.286640 0.628150 0.042138 0.015750
0 0.318652 0.656803 0.045629 0.014319
0 0.266969 0.652613 0.044696 0.012225
0 0.318535 0.597263 0.040737 0.016762
0 0.802417 0.503697 0.063050 0.013581
0 0.880744 0.513394 0.060304 0.012125
0 0.781156 0.577778 0.047529 0.023769
0 0.694531 0.645422 0.075196 0.018856
0 0.656121 0.612597 0.192525 0.046094
0 0.892010 0.633675 0.077796 0.031425
0 0.846394 0.687775 0.307212 0.059375
0 0.467094 0.657494 0.164129 0.042837
0 0.023167 0.537403 0.046333 0.031431
0 0.007733 0.593934 0.015467 0.019694
0 0.113085 0.607422 0.030312 0.007881
0 0.153571 0.604788 0.035025 0.007088
0 0.199579 0.616003 0.033275 0.007294
0 0.163946 0.675616 0.075983 0.016994
0 0.175665 0.653806 0.102388 0.012137
0 0.065329 0.632278 0.074367 0.020006
0 0.020540 0.659956 0.041079 0.017200
0 0.011463 0.682625 0.022925 0.015125
0 0.243760 0.686184 0.085763 0.018056
0 0.525356 0.711978 0.048329 0.014244
0 0.375340 0.709253 0.057271 0.020531
0 0.696465 0.726834 0.152529 0.029794
