0 0.601900 0.159844 0.090000 0.037009
0 0.910083 0.580134 0.084433 0.082411
0 0.459333 0.586406 0.164533 0.098795
0 0.336967 0.608750 0.077867 0.046250
0 0.663350 0.554509 0.108300 0.049732
0 0.585033 0.413393 0.213200 0.100625
0 0.663917 0.317455 0.213700 0.090982
0 0.656717 0.252098 0.073833 0.051250
0 0.963167 0.260045 0.045067 0.023571
0 0.885733 0.402344 0.228533 0.171205
0 0.854500 0.489933 0.291000 0.138527
0 0.645533 0.651272 0.156333 0.102723
0 0.146933 0.526496 0.091333 0.071384
0 0.070483 0.359018 0.140967 0.190089
0 0.093183 0.475223 0.049167 0.019732
0 0.062567 0.242321 0.078467 0.038125
0 0.229483 0.295960 0.113833 0.074598
0 0.197367 0.407321 0.082133 0.050089
0 0.192700 0.458237 0.115867 0.058259
0 0.321583 0.394263 0.113433 0.086027
0 0.414283 0.423393 0.070367 0.040804
0 0.548050 0.218103 0.080100 0.037545
0 0.460033 0.195513 0.110600 0.052277
0 0.717733 0.198214 0.064000 0.037054
0 0.693567 0.159821 0.047667 0.023661
0 0.767233 0.158036 0.051667 0.025446
0 0.827733 0.148438 0.066667 0.031250
0 0.928700 0.214509 0.142600 0.065179
0 0.816400 0.224330 0.053333 0.025000
0 0.255000 0.688594 0.086400 0.097187
0 0.223217 0.149219 0.446433 0.220759
0 0.621900 0.083527 0.038000 0.025714
0 0.686700 0.124509 0.049200 0.025179
0 0.964650 0.154509 0.070700 0.088393
0 0.858100 0.123973 0.041600 0.023036
0 0.802300 0.113795 0.058000 0.019821
