0 0.935300 0.452937 0.129401 0.274807
0 0.429745 0.786587 0.343903 0.338209
0 0.092513 0.951655 0.067219 0.096689
0 0.087143 0.664728 0.174286 0.196757
0 0.145969 0.461485 0.069337 0.074444
0 0.256594 0.418197 0.060867 0.057483
0 0.463814 0.488311 0.069872 0.065964
0 0.569145 0.488311 0.075153 0.065964
0 0.754681 0.411190 0.132832 0.101610
0 0.496205 0.400680 0.062538 0.041633
0 0.487372 0.336009 0.047857 0.030295
0 0.368935 0.395023 0.059171 0.073175
0 0.258648 0.624229 0.088291 0.089184
0 0.033202 0.437211 0.066403 0.065079
0 0.655274 0.301576 0.221645 0.118934
0 0.532500 0.220544 0.122398 0.058821
0 0.822736 0.364467 0.035651 0.036009
0 0.817768 0.792483 0.364464 0.415034
0 0.805829 0.318084 0.041531 0.039932
