0 0.309810 0.302720 0.042217 0.013159
0 0.336274 0.317206 0.022607 0.012295
0 0.386377 0.357601 0.031816 0.010492
0 0.259556 0.272996 0.029736 0.008167
0 0.751675 0.431908 0.057803 0.026140
0 0.656187 0.416550 0.037256 0.017630
0 0.790854 0.500194 0.157568 0.093443
0 0.289160 0.387072 0.021406 0.013130
0 0.376763 0.340216 0.016064 0.006542
0 0.403701 0.272146 0.015703 0.010879
0 0.472764 0.420931 0.095156 0.053547
0 0.301929 0.280686 0.036572 0.010939
0 0.672285 0.863793 0.302773 0.272414
0 0.388608 0.250954 0.027959 0.006855
