0 0.329839 0.434019 0.161198 0.083333
0 0.497161 0.956509 0.170635 0.086981
0 0.708031 0.957472 0.078292 0.085056
0 0.219964 0.864833 0.439927 0.270333
0 0.648089 0.794463 0.266219 0.156481
0 0.528302 0.673778 0.292854 0.108000
0 0.337901 0.549481 0.034510 0.025185
0 0.024229 0.599065 0.048458 0.039352
0 0.147937 0.543741 0.134896 0.045370
0 0.220333 0.487954 0.101042 0.036574
0 0.815833 0.586148 0.368333 0.484926
0 0.432182 0.385157 0.049198 0.021537
0 0.478750 0.408139 0.031646 0.016722
0 0.507234 0.425028 0.033635 0.019611
0 0.413193 0.361685 0.093323 0.018963
0 0.425307 0.346102 0.039781 0.016722
0 0.490844 0.318009 0.118146 0.040278
0 0.599125 0.438778 0.097125 0.044667
0 0.514474 0.492120 0.070052 0.038426
0 0.636880 0.493037 0.130469 0.034667
0 0.724630 0.558787 0.121615 0.080093
