0 0.060117 0.833087 0.120234 0.181365
0 0.347018 0.716212 0.065241 0.022423
0 0.380152 0.590933 0.087525 0.026404
0 0.646823 0.509990 0.044894 0.012365
0 0.586305 0.540673 0.060397 0.021038
0 0.667043 0.623192 0.098312 0.056731
0 0.726206 0.660394 0.090156 0.027288
0 0.741426 0.756712 0.061078 0.031731
0 0.754826 0.908231 0.490348 0.183538
0 0.423418 0.781875 0.220071 0.052288
0 0.263262 0.840644 0.137801 0.065327
0 0.478344 0.927654 0.213397 0.110538
0 0.628557 0.584385 0.048957 0.025692
0 0.255823 0.502577 0.087489 0.040115
0 0.441369 0.468808 0.059092 0.013269
0 0.530521 0.423538 0.103766 0.017654
0 0.426691 0.391933 0.038972 0.013212
0 0.353582 0.512942 0.091220 0.017769
0 0.488415 0.483423 0.077794 0.022808
0 0.849152 0.652087 0.037624 0.019596
0 0.657535 0.427423 0.058603 0.014846
0 0.533489 0.701452 0.107688 0.057635
0 0.092333 0.656404 0.100326 0.065692
