0 0.594107 0.781995 0.137245 0.103265
0 0.335568 0.538889 0.066747 0.066667
0 0.603310 0.369070 0.077309 0.033379
0 0.840179 0.474830 0.285204 0.342721
0 0.607423 0.542472 0.138750 0.128889
0 0.537111 0.448311 0.041875 0.027234
0 0.605242 0.435556 0.075000 0.051610
0 0.672430 0.402755 0.058125 0.043878
0 0.727774 0.224252 0.215242 0.060068
0 0.536907 0.375431 0.032997 0.033991
0 0.731543 0.162925 0.117781 0.027891
0 0.662959 0.954819 0.095842 0.090363
0 0.528406 0.937222 0.094949 0.125556
0 0.399483 0.958016 0.081901 0.083968
0 0.326582 0.784399 0.141301 0.194467
