0 0.680016 0.611371 0.639969 0.214625
0 0.035901 0.648410 0.071802 0.089397
0 0.007307 0.773483 0.014615 0.060384
0 0.188859 0.706015 0.096510 0.087130
0 0.256333 0.710320 0.033062 0.025174
0 0.325687 0.731261 0.024042 0.025448
0 0.223786 0.570155 0.097427 0.136179
0 0.341073 0.512761 0.064125 0.027715
0 0.432865 0.403848 0.108083 0.035887
0 0.495698 0.513455 0.028437 0.025411
0 0.601016 0.799845 0.036927 0.034497
0 0.524885 0.793501 0.049646 0.028135
0 0.574130 0.859982 0.037990 0.044022
0 0.092464 0.544525 0.071531 0.054826
