0 0.650225 0.334579 0.093775 0.032715
0 0.551725 0.328858 0.045800 0.025655
0 0.590819 0.303530 0.081113 0.027285
0 0.552338 0.280487 0.075725 0.023858
0 0.455662 0.256470 0.062100 0.022715
0 0.538581 0.246451 0.049213 0.018558
0 0.634475 0.241161 0.114800 0.022360
0 0.395425 0.384129 0.082150 0.041442
0 0.310187 0.390393 0.041075 0.022397
0 0.394531 0.427097 0.094838 0.039213
0 0.640744 0.405309 0.135038 0.048933
0 0.556406 0.506554 0.183438 0.089401
0 0.110813 0.750346 0.104875 0.102940
0 0.554931 0.820787 0.206212 0.173446
0 0.354169 0.348464 0.073062 0.038727
0 0.469738 0.335393 0.057025 0.027828
0 0.541181 0.374054 0.125763 0.047434
