0 0.501802 0.863676 0.251201 0.272647
0 0.508652 0.629919 0.131914 0.103897
0 0.728013 0.573397 0.088955 0.054882
0 0.907441 0.628287 0.123242 0.088868
0 0.951768 0.498904 0.096465 0.096721
0 0.733433 0.414610 0.094600 0.047044
0 0.672900 0.471787 0.037754 0.021574
0 0.551128 0.493588 0.125967 0.050824
0 0.559414 0.394206 0.104570 0.038118
0 0.784067 0.393978 0.129580 0.062162
0 0.644541 0.350184 0.135605 0.034485
0 0.593618 0.319132 0.097041 0.023206
0 0.577749 0.288779 0.094521 0.021824
0 0.573218 0.269221 0.103584 0.014176
0 0.561011 0.251875 0.126611 0.016838
0 0.503320 0.328404 0.055625 0.013691
0 0.487974 0.284941 0.030518 0.008706
0 0.692104 0.280346 0.046553 0.014221
0 0.567588 0.230015 0.044492 0.005941
0 0.572812 0.223676 0.045625 0.005000
0 0.609443 0.236375 0.038672 0.007221
