0 0.041279 0.200969 0.041175 0.011062
0 0.048425 0.236112 0.060083 0.012000
0 0.087817 0.257063 0.053150 0.016100
0 0.148633 0.277706 0.050000 0.015787
0 0.100108 0.374781 0.073950 0.028987
0 0.528225 0.434125 0.096217 0.052625
0 0.473704 0.511444 0.167725 0.092137
0 0.217112 0.656156 0.098892 0.064113
0 0.722017 0.672194 0.122417 0.068613
0 0.335800 0.221219 0.050483 0.019262
0 0.383871 0.186425 0.037492 0.014000
0 0.712817 0.506600 0.106367 0.028325
0 0.168279 0.169631 0.051058 0.010088
0 0.138971 0.232169 0.031508 0.010437
0 0.318179 0.326706 0.056475 0.024238
