0 0.512471 0.390104 0.051289 0.017161
0 0.404082 0.342344 0.138086 0.049557
0 0.500840 0.328503 0.060840 0.011901
0 0.616084 0.312454 0.028867 0.006367
0 0.585352 0.324212 0.033848 0.005534
0 0.546631 0.340130 0.058145 0.011354
0 0.607778 0.339857 0.041729 0.009687
0 0.353521 0.377930 0.057725 0.012734
0 0.525449 0.434401 0.079727 0.023255
0 0.269219 0.403945 0.118359 0.023255
0 0.621255 0.484134 0.157158 0.044492
0 0.725850 0.520469 0.093652 0.034010
0 0.545068 0.570781 0.089492 0.036823
0 0.417578 0.507949 0.085762 0.027930
0 0.309087 0.439303 0.061885 0.022435
0 0.246069 0.470697 0.069150 0.019935
0 0.179785 0.538717 0.104063 0.041628
0 0.133857 0.581055 0.106211 0.041146
0 0.080562 0.659036 0.161123 0.085156
0 0.428618 0.613828 0.099385 0.046406
0 0.579063 0.641719 0.114824 0.060755
0 0.418379 0.722207 0.231992 0.097826
0 0.657339 0.846836 0.136396 0.118490
