0 0.800402 0.348602 0.399196 0.185545
0 0.945935 0.871114 0.108129 0.229810
0 0.726502 0.968720 0.114875 0.062559
0 0.499657 0.910071 0.162266 0.179858
0 0.282220 0.962725 0.197905 0.074550
0 0.027767 0.904384 0.055534 0.182512
0 0.177556 0.698602 0.080856 0.088578
0 0.173841 0.475415 0.236983 0.105379
0 0.146430 0.615865 0.041818 0.035095
0 0.468524 0.675024 0.220132 0.150427
0 0.808366 0.579348 0.383267 0.240687
0 0.224209 0.377275 0.079460 0.059336
0 0.025099 0.216398 0.050198 0.061848
0 0.197444 0.065178 0.062661 0.045474
0 0.281746 0.123993 0.091686 0.064810
0 0.361739 0.163886 0.034414 0.046919
0 0.331489 0.052180 0.044374 0.040142
0 0.437036 0.025723 0.143057 0.051445
0 0.687675 0.027014 0.049631 0.042654
0 0.695810 0.116991 0.057760 0.044692
0 0.817543 0.125746 0.078986 0.055711
0 0.950547 0.088128 0.077826 0.065450
0 0.300382 0.617559 0.036785 0.043886
