0 0.583400 0.109783 0.137667 0.042300
0 0.840783 0.948483 0.276633 0.103033
0 0.271683 0.860333 0.543367 0.279333
0 0.029467 0.701317 0.058933 0.081700
0 0.931500 0.752917 0.137000 0.121833
0 0.663050 0.611017 0.279500 0.196367
0 0.978100 0.516083 0.043800 0.077633
0 0.884083 0.439500 0.130233 0.089600
0 0.314250 0.455250 0.422167 0.147633
0 0.685833 0.385167 0.148467 0.058867
0 0.568883 0.347017 0.140167 0.045633
0 0.484700 0.287700 0.192400 0.071333
0 0.258683 0.292700 0.088767 0.043133
0 0.213900 0.235033 0.191600 0.075467
0 0.403000 0.223017 0.088733 0.033167
0 0.468533 0.188183 0.080467 0.023233
0 0.633167 0.192733 0.155933 0.045600
0 0.692483 0.283150 0.100367 0.037300
0 0.337467 0.156667 0.234733 0.054733
0 0.693717 0.132200 0.102833 0.048933
0 0.762983 0.056300 0.194900 0.044800
