0 0.709517 0.219369 0.065925 0.021376
0 0.656496 0.831716 0.233225 0.154213
0 0.078068 0.762085 0.118929 0.094099
0 0.652258 0.495780 0.215460 0.086567
0 0.633894 0.231340 0.069721 0.027787
0 0.448469 0.269333 0.053236 0.035291
0 0.513923 0.239241 0.061560 0.016071
0 0.440821 0.414567 0.117986 0.039262
0 0.446857 0.368553 0.093411 0.036539
0 0.333783 0.375901 0.053178 0.019660
0 0.388312 0.334518 0.087148 0.027277
0 0.536467 0.318177 0.069721 0.029461
0 0.629866 0.355482 0.172515 0.044156
0 0.755233 0.392241 0.171164 0.047972
0 0.768196 0.316546 0.119325 0.032723
0 0.643952 0.311645 0.054075 0.021844
0 0.693329 0.285234 0.098324 0.023461
0 0.645064 0.259908 0.093853 0.024014
