0 0.556492 0.263550 0.044615 0.018300
0 0.698293 0.853183 0.168068 0.184433
0 0.675807 0.666050 0.192402 0.084433
0 0.399953 0.659300 0.160844 0.111467
0 0.495769 0.574167 0.086323 0.065533
0 0.621445 0.531633 0.042589 0.035800
0 0.370478 0.438733 0.044109 0.033800
0 0.529841 0.303217 0.051013 0.024900
0 0.408311 0.278950 0.031557 0.012833
0 0.665929 0.312750 0.098086 0.033100
0 0.617636 0.366433 0.059325 0.029733
0 0.671435 0.387733 0.026998 0.015533
0 0.586332 0.245733 0.053077 0.022067
0 0.057092 0.460600 0.114184 0.060067
