0 0.769245 0.654674 0.167706 0.036867
0 0.876118 0.751125 0.247765 0.072634
0 0.554931 0.661912 0.164373 0.038760
0 0.279480 0.596835 0.164490 0.028913
0 0.236147 0.519303 0.054294 0.009962
0 0.092922 0.521624 0.073098 0.008286
0 0.019676 0.539425 0.039353 0.009463
0 0.105157 0.549201 0.085686 0.017148
0 0.071853 0.577315 0.143706 0.032864
0 0.087647 0.646279 0.175294 0.061841
0 0.239314 0.718613 0.275255 0.091010
0 0.063971 0.915051 0.127941 0.169898
0 0.332804 0.507142 0.060941 0.007404
0 0.881275 0.498696 0.055882 0.004552
0 0.647078 0.462749 0.054314 0.008005
0 0.554627 0.462903 0.050196 0.005243
0 0.523059 0.458171 0.041176 0.005754
0 0.515216 0.468274 0.050196 0.005754
0 0.450039 0.472180 0.055255 0.007072
0 0.760647 0.484009 0.147451 0.010985
0 0.626765 0.489425 0.076941 0.012302
0 0.776402 0.502385 0.079275 0.021061
0 0.819010 0.517973 0.069980 0.009092
0 0.981098 0.560825 0.037804 0.008248
0 0.840971 0.589853 0.203392 0.046560
0 0.874039 0.551010 0.085216 0.013632
0 0.731108 0.542590 0.063275 0.009271
0 0.723882 0.526087 0.144863 0.022404
0 0.631314 0.504194 0.039255 0.007570
0 0.454431 0.486682 0.159569 0.020371
0 0.243206 0.497283 0.062490 0.011957
0 0.367275 0.491477 0.056549 0.006739
0 0.318471 0.498798 0.044157 0.006905
0 0.451078 0.520269 0.213804 0.040102
0 0.496255 0.547801 0.110000 0.017366
0 0.582765 0.565563 0.070235 0.012097
0 0.703990 0.604105 0.119745 0.018696
0 0.587049 0.602781 0.084412 0.018913
0 0.743353 0.469233 0.086078 0.008696
0 0.730804 0.459955 0.082157 0.006023
0 0.689922 0.449476 0.040784 0.003708
0 0.655706 0.469482 0.027255 0.005384
0 0.582765 0.451777 0.060588 0.010358
