0 0.453452 0.806999 0.046865 0.034853
0 0.625747 0.537404 0.049033 0.030737
0 0.612622 0.483695 0.050596 0.019956
0 0.613315 0.502478 0.045029 0.016549
0 0.551152 0.491187 0.030605 0.015501
0 0.549590 0.508518 0.039648 0.010251
0 0.384658 0.454484 0.042402 0.038466
0 0.365747 0.527294 0.047139 0.031519
0 0.573496 0.628864 0.081621 0.024572
0 0.710205 0.625841 0.046074 0.024572
0 0.684414 0.663068 0.086641 0.017434
0 0.457456 0.599587 0.025869 0.019233
0 0.341509 0.600398 0.046104 0.032773
0 0.253887 0.739749 0.044355 0.038673
0 0.234595 0.854624 0.051201 0.025649
0 0.442622 0.871482 0.066318 0.034410
0 0.542686 0.729130 0.084004 0.039204
0 0.775786 0.764499 0.041104 0.026195
0 0.665454 0.791475 0.151436 0.117080
0 0.664551 0.930074 0.050840 0.029410
