0 0.215595 0.636436 0.115549 0.057228
0 0.152403 0.510161 0.188918 0.064035
0 0.164235 0.552661 0.129335 0.058886
0 0.335000 0.459220 0.044065 0.051015
0 0.416808 0.462166 0.106507 0.036015
0 0.573918 0.279035 0.062798 0.016584
0 0.545881 0.302141 0.056244 0.021312
0 0.499304 0.342302 0.131221 0.054505
0 0.587929 0.432970 0.126151 0.068119
0 0.440526 0.412277 0.072767 0.037624
0 0.373539 0.371163 0.034683 0.013119
0 0.263709 0.364084 0.048284 0.034901
0 0.224096 0.426436 0.062226 0.031089
0 0.035819 0.627376 0.071638 0.058119
0 0.026522 0.373614 0.053045 0.037970
0 0.563640 0.872067 0.254544 0.255866
0 0.755070 0.732946 0.300371 0.225842
0 0.889034 0.946077 0.117048 0.107847
0 0.091808 0.441906 0.093849 0.050396
0 0.145464 0.371287 0.141592 0.075149
0 0.317450 0.320037 0.048964 0.014431
0 0.321329 0.290198 0.051716 0.017772
