0 0.913833 0.434663 0.034333 0.012675
0 0.044567 0.250613 0.053267 0.008625
0 0.165700 0.192237 0.040333 0.006475
0 0.148867 0.201487 0.042000 0.007025
0 0.119533 0.212850 0.048667 0.007750
0 0.066033 0.236238 0.065000 0.010525
0 0.865717 0.461737 0.034300 0.015375
0 0.529783 0.420412 0.037900 0.012675
0 0.334700 0.422338 0.057333 0.016525
0 0.345200 0.458413 0.080400 0.031925
0 0.696050 0.599075 0.107500 0.068650
0 0.958833 0.526225 0.082333 0.060450
0 0.865917 0.660600 0.046700 0.042400
0 0.323450 0.623225 0.060767 0.029050
0 0.281617 0.721312 0.096767 0.036875
0 0.439783 0.803625 0.208967 0.141500
